2017/11/24-07:29:27.458914 7fa27f68d200 RocksDB version: 5.6.0
2017/11/24-07:29:27.458966 7fa27f68d200 Git sha rocksdb_build_git_sha:f201a44b4102308b840b15d9b89122af787476f1
2017/11/24-07:29:27.458968 7fa27f68d200 Compile date Nov 23 2017
2017/11/24-07:29:27.458970 7fa27f68d200 DB SUMMARY
2017/11/24-07:29:27.459007 7fa27f68d200 CURRENT file:  CURRENT
2017/11/24-07:29:27.459009 7fa27f68d200 IDENTITY file:  IDENTITY
2017/11/24-07:29:27.459013 7fa27f68d200 MANIFEST file:  MANIFEST-000034 size: 1212 Bytes
2017/11/24-07:29:27.459016 7fa27f68d200 SST files in srv/dat/db/0 dir, Total Num: 8, files: 000017.sst 000018.sst 000019.sst 000020.sst 000021.sst 000027.sst 000031.sst 000035.sst 
2017/11/24-07:29:27.459018 7fa27f68d200 Write Ahead Log file in srv/dat/db/0: 000036.log size: 537 ; 
2017/11/24-07:29:27.459020 7fa27f68d200                         Options.error_if_exists: 0
2017/11/24-07:29:27.459021 7fa27f68d200                       Options.create_if_missing: 1
2017/11/24-07:29:27.459023 7fa27f68d200                         Options.paranoid_checks: 1
2017/11/24-07:29:27.459024 7fa27f68d200                                     Options.env: 0x561eaef134a0
2017/11/24-07:29:27.459026 7fa27f68d200                                Options.info_log: 0x7fa27db7e300
2017/11/24-07:29:27.459027 7fa27f68d200                Options.max_file_opening_threads: 16
2017/11/24-07:29:27.459029 7fa27f68d200                               Options.use_fsync: 0
2017/11/24-07:29:27.459030 7fa27f68d200                       Options.max_log_file_size: 0
2017/11/24-07:29:27.459032 7fa27f68d200                  Options.max_manifest_file_size: 18446744073709551615
2017/11/24-07:29:27.459033 7fa27f68d200                   Options.log_file_time_to_roll: 0
2017/11/24-07:29:27.459035 7fa27f68d200                       Options.keep_log_file_num: 1000
2017/11/24-07:29:27.459036 7fa27f68d200                    Options.recycle_log_file_num: 0
2017/11/24-07:29:27.459038 7fa27f68d200                         Options.allow_fallocate: 1
2017/11/24-07:29:27.459039 7fa27f68d200                        Options.allow_mmap_reads: 0
2017/11/24-07:29:27.459040 7fa27f68d200                       Options.allow_mmap_writes: 0
2017/11/24-07:29:27.459042 7fa27f68d200                        Options.use_direct_reads: 0
2017/11/24-07:29:27.459043 7fa27f68d200                        Options.use_direct_io_for_flush_and_compaction: 0
2017/11/24-07:29:27.459045 7fa27f68d200          Options.create_missing_column_families: 0
2017/11/24-07:29:27.459046 7fa27f68d200                              Options.db_log_dir: 
2017/11/24-07:29:27.459048 7fa27f68d200                                 Options.wal_dir: srv/dat/db/0
2017/11/24-07:29:27.459049 7fa27f68d200                Options.table_cache_numshardbits: 6
2017/11/24-07:29:27.459051 7fa27f68d200                      Options.max_subcompactions: 1
2017/11/24-07:29:27.459052 7fa27f68d200                  Options.max_background_flushes: -1
2017/11/24-07:29:27.459054 7fa27f68d200                         Options.WAL_ttl_seconds: 0
2017/11/24-07:29:27.459055 7fa27f68d200                       Options.WAL_size_limit_MB: 0
2017/11/24-07:29:27.459057 7fa27f68d200             Options.manifest_preallocation_size: 4194304
2017/11/24-07:29:27.459058 7fa27f68d200                     Options.is_fd_close_on_exec: 1
2017/11/24-07:29:27.459060 7fa27f68d200                   Options.advise_random_on_open: 1
2017/11/24-07:29:27.459061 7fa27f68d200                    Options.db_write_buffer_size: 0
2017/11/24-07:29:27.459062 7fa27f68d200         Options.access_hint_on_compaction_start: 1
2017/11/24-07:29:27.459064 7fa27f68d200  Options.new_table_reader_for_compaction_inputs: 0
2017/11/24-07:29:27.459065 7fa27f68d200               Options.compaction_readahead_size: 0
2017/11/24-07:29:27.459067 7fa27f68d200           Options.random_access_max_buffer_size: 1048576
2017/11/24-07:29:27.459068 7fa27f68d200           Options.writable_file_max_buffer_size: 1048576
2017/11/24-07:29:27.459069 7fa27f68d200                      Options.use_adaptive_mutex: 0
2017/11/24-07:29:27.459071 7fa27f68d200                            Options.rate_limiter: (nil)
2017/11/24-07:29:27.459080 7fa27f68d200     Options.sst_file_manager.rate_bytes_per_sec: 0
2017/11/24-07:29:27.459082 7fa27f68d200                          Options.bytes_per_sync: 0
2017/11/24-07:29:27.459083 7fa27f68d200                      Options.wal_bytes_per_sync: 0
2017/11/24-07:29:27.459085 7fa27f68d200                       Options.wal_recovery_mode: 2
2017/11/24-07:29:27.459086 7fa27f68d200                  Options.enable_thread_tracking: 0
2017/11/24-07:29:27.459087 7fa27f68d200                  Options.enable_pipelined_write: 0
2017/11/24-07:29:27.459089 7fa27f68d200         Options.allow_concurrent_memtable_write: 1
2017/11/24-07:29:27.459090 7fa27f68d200      Options.enable_write_thread_adaptive_yield: 1
2017/11/24-07:29:27.459092 7fa27f68d200             Options.write_thread_max_yield_usec: 100
2017/11/24-07:29:27.459093 7fa27f68d200            Options.write_thread_slow_yield_usec: 3
2017/11/24-07:29:27.459094 7fa27f68d200                               Options.row_cache: None
2017/11/24-07:29:27.459096 7fa27f68d200                              Options.wal_filter: None
2017/11/24-07:29:27.459097 7fa27f68d200             Options.avoid_flush_during_recovery: 0
2017/11/24-07:29:27.459099 7fa27f68d200             Options.allow_ingest_behind: 0
2017/11/24-07:29:27.459100 7fa27f68d200             Options.concurrent_prepare: 0
2017/11/24-07:29:27.459101 7fa27f68d200             Options.manual_wal_flush: 0
2017/11/24-07:29:27.459103 7fa27f68d200             Options.max_background_jobs: 2
2017/11/24-07:29:27.459104 7fa27f68d200             Options.max_background_compactions: -1
2017/11/24-07:29:27.459105 7fa27f68d200             Options.avoid_flush_during_shutdown: 0
2017/11/24-07:29:27.459107 7fa27f68d200             Options.delayed_write_rate : 16777216
2017/11/24-07:29:27.459108 7fa27f68d200             Options.max_total_wal_size: 0
2017/11/24-07:29:27.459109 7fa27f68d200             Options.delete_obsolete_files_period_micros: 21600000000
2017/11/24-07:29:27.459111 7fa27f68d200                   Options.stats_dump_period_sec: 600
2017/11/24-07:29:27.459112 7fa27f68d200                          Options.max_open_files: -1
2017/11/24-07:29:27.459114 7fa27f68d200 Compression algorithms supported:
2017/11/24-07:29:27.459115 7fa27f68d200 	Snappy supported: 1
2017/11/24-07:29:27.459117 7fa27f68d200 	Zlib supported: 0
2017/11/24-07:29:27.459118 7fa27f68d200 	Bzip supported: 0
2017/11/24-07:29:27.459119 7fa27f68d200 	LZ4 supported: 0
2017/11/24-07:29:27.459121 7fa27f68d200 	ZSTD supported: 0
2017/11/24-07:29:27.459122 7fa27f68d200 Fast CRC32 supported: 0
2017/11/24-07:29:27.459186 7fa27f68d200 [rocksdb/db/version_set.cc:2714] Recovering from manifest file: MANIFEST-000034
2017/11/24-07:29:27.459230 7fa27f68d200 [rocksdb/db/column_family.cc:415] --------------- Options for column family [default]:
2017/11/24-07:29:27.459233 7fa27f68d200               Options.comparator: leveldb.BytewiseComparator
2017/11/24-07:29:27.459234 7fa27f68d200           Options.merge_operator: None
2017/11/24-07:29:27.459236 7fa27f68d200        Options.compaction_filter: None
2017/11/24-07:29:27.459237 7fa27f68d200        Options.compaction_filter_factory: None
2017/11/24-07:29:27.459239 7fa27f68d200         Options.memtable_factory: SkipListFactory
2017/11/24-07:29:27.459240 7fa27f68d200            Options.table_factory: BlockBasedTable
2017/11/24-07:29:27.459264 7fa27f68d200            table_factory options:   flush_block_policy_factory: FlushBlockBySizePolicyFactory (0x7fa27da530d0)
  cache_index_and_filter_blocks: 0
  cache_index_and_filter_blocks_with_high_priority: 0
  pin_l0_filter_and_index_blocks_in_cache: 0
  index_type: 0
  hash_index_allow_collision: 1
  checksum: 1
  no_block_cache: 0
  block_cache: 0x7fa27da55f90
  block_cache_name: LRUCache
  block_cache_options:
    capacity : 8388608
    num_shard_bits : 4
    strict_capacity_limit : 0
    high_pri_pool_ratio: 0.000
  block_cache_compressed: (nil)
  persistent_cache: (nil)
  block_size: 4096
  block_size_deviation: 10
  block_restart_interval: 16
  index_block_restart_interval: 1
  filter_policy: nullptr
  whole_key_filtering: 1
  format_version: 2
2017/11/24-07:29:27.459276 7fa27f68d200        Options.write_buffer_size: 67108864
2017/11/24-07:29:27.459278 7fa27f68d200  Options.max_write_buffer_number: 2
2017/11/24-07:29:27.459280 7fa27f68d200          Options.compression: Snappy
2017/11/24-07:29:27.459281 7fa27f68d200                  Options.bottommost_compression: Disabled
2017/11/24-07:29:27.459283 7fa27f68d200       Options.prefix_extractor: nullptr
2017/11/24-07:29:27.459284 7fa27f68d200   Options.memtable_insert_with_hint_prefix_extractor: nullptr
2017/11/24-07:29:27.459286 7fa27f68d200             Options.num_levels: 7
2017/11/24-07:29:27.459287 7fa27f68d200        Options.min_write_buffer_number_to_merge: 1
2017/11/24-07:29:27.459289 7fa27f68d200     Options.max_write_buffer_number_to_maintain: 0
2017/11/24-07:29:27.459290 7fa27f68d200            Options.compression_opts.window_bits: -14
2017/11/24-07:29:27.459292 7fa27f68d200                  Options.compression_opts.level: -1
2017/11/24-07:29:27.459293 7fa27f68d200               Options.compression_opts.strategy: 0
2017/11/24-07:29:27.459295 7fa27f68d200         Options.compression_opts.max_dict_bytes: 0
2017/11/24-07:29:27.459296 7fa27f68d200      Options.level0_file_num_compaction_trigger: 4
2017/11/24-07:29:27.459298 7fa27f68d200          Options.level0_slowdown_writes_trigger: 20
2017/11/24-07:29:27.459299 7fa27f68d200              Options.level0_stop_writes_trigger: 36
2017/11/24-07:29:27.459301 7fa27f68d200                   Options.target_file_size_base: 67108864
2017/11/24-07:29:27.459302 7fa27f68d200             Options.target_file_size_multiplier: 1
2017/11/24-07:29:27.459303 7fa27f68d200                Options.max_bytes_for_level_base: 268435456
2017/11/24-07:29:27.459305 7fa27f68d200 Options.level_compaction_dynamic_level_bytes: 0
2017/11/24-07:29:27.459306 7fa27f68d200          Options.max_bytes_for_level_multiplier: 10.000000
2017/11/24-07:29:27.459310 7fa27f68d200 Options.max_bytes_for_level_multiplier_addtl[0]: 1
2017/11/24-07:29:27.459312 7fa27f68d200 Options.max_bytes_for_level_multiplier_addtl[1]: 1
2017/11/24-07:29:27.459313 7fa27f68d200 Options.max_bytes_for_level_multiplier_addtl[2]: 1
2017/11/24-07:29:27.459315 7fa27f68d200 Options.max_bytes_for_level_multiplier_addtl[3]: 1
2017/11/24-07:29:27.459316 7fa27f68d200 Options.max_bytes_for_level_multiplier_addtl[4]: 1
2017/11/24-07:29:27.459317 7fa27f68d200 Options.max_bytes_for_level_multiplier_addtl[5]: 1
2017/11/24-07:29:27.459319 7fa27f68d200 Options.max_bytes_for_level_multiplier_addtl[6]: 1
2017/11/24-07:29:27.459320 7fa27f68d200       Options.max_sequential_skip_in_iterations: 8
2017/11/24-07:29:27.459322 7fa27f68d200                    Options.max_compaction_bytes: 1677721600
2017/11/24-07:29:27.459323 7fa27f68d200                        Options.arena_block_size: 8388608
2017/11/24-07:29:27.459325 7fa27f68d200   Options.soft_pending_compaction_bytes_limit: 68719476736
2017/11/24-07:29:27.459326 7fa27f68d200   Options.hard_pending_compaction_bytes_limit: 274877906944
2017/11/24-07:29:27.459328 7fa27f68d200       Options.rate_limit_delay_max_milliseconds: 100
2017/11/24-07:29:27.459329 7fa27f68d200                Options.disable_auto_compactions: 0
2017/11/24-07:29:27.459331 7fa27f68d200                        Options.compaction_style: kCompactionStyleLevel
2017/11/24-07:29:27.459333 7fa27f68d200                          Options.compaction_pri: kByCompensatedSize
2017/11/24-07:29:27.459334 7fa27f68d200 Options.compaction_options_universal.size_ratio: 1
2017/11/24-07:29:27.459336 7fa27f68d200 Options.compaction_options_universal.min_merge_width: 2
2017/11/24-07:29:27.459337 7fa27f68d200 Options.compaction_options_universal.max_merge_width: 4294967295
2017/11/24-07:29:27.459339 7fa27f68d200 Options.compaction_options_universal.max_size_amplification_percent: 200
2017/11/24-07:29:27.459340 7fa27f68d200 Options.compaction_options_universal.compression_size_percent: -1
2017/11/24-07:29:27.459342 7fa27f68d200 Options.compaction_options_universal.stop_style: kCompactionStopStyleTotalSize
2017/11/24-07:29:27.459349 7fa27f68d200 Options.compaction_options_fifo.max_table_files_size: 1073741824
2017/11/24-07:29:27.459351 7fa27f68d200 Options.compaction_options_fifo.allow_compaction: 0
2017/11/24-07:29:27.459352 7fa27f68d200 Options.compaction_options_fifo.ttl: 0
2017/11/24-07:29:27.459354 7fa27f68d200                   Options.table_properties_collectors: 
2017/11/24-07:29:27.459355 7fa27f68d200                   Options.inplace_update_support: 0
2017/11/24-07:29:27.459356 7fa27f68d200                 Options.inplace_update_num_locks: 10000
2017/11/24-07:29:27.459358 7fa27f68d200               Options.memtable_prefix_bloom_size_ratio: 0.000000
2017/11/24-07:29:27.459360 7fa27f68d200   Options.memtable_huge_page_size: 0
2017/11/24-07:29:27.459361 7fa27f68d200                           Options.bloom_locality: 0
2017/11/24-07:29:27.459362 7fa27f68d200                    Options.max_successive_merges: 0
2017/11/24-07:29:27.459364 7fa27f68d200                Options.optimize_filters_for_hits: 0
2017/11/24-07:29:27.459365 7fa27f68d200                Options.paranoid_file_checks: 0
2017/11/24-07:29:27.459367 7fa27f68d200                Options.force_consistency_checks: 0
2017/11/24-07:29:27.459368 7fa27f68d200                Options.report_bg_io_stats: 0
2017/11/24-07:29:27.466958 7fa27f68d200 [rocksdb/db/column_family.cc:415] --------------- Options for column family [core.configs_actual_from]:
2017/11/24-07:29:27.466967 7fa27f68d200               Options.comparator: leveldb.BytewiseComparator
2017/11/24-07:29:27.466969 7fa27f68d200           Options.merge_operator: None
2017/11/24-07:29:27.466971 7fa27f68d200        Options.compaction_filter: None
2017/11/24-07:29:27.466972 7fa27f68d200        Options.compaction_filter_factory: None
2017/11/24-07:29:27.466974 7fa27f68d200         Options.memtable_factory: SkipListFactory
2017/11/24-07:29:27.466975 7fa27f68d200            Options.table_factory: BlockBasedTable
2017/11/24-07:29:27.466992 7fa27f68d200            table_factory options:   flush_block_policy_factory: FlushBlockBySizePolicyFactory (0x7fa27da530c0)
  cache_index_and_filter_blocks: 0
  cache_index_and_filter_blocks_with_high_priority: 0
  pin_l0_filter_and_index_blocks_in_cache: 0
  index_type: 0
  hash_index_allow_collision: 1
  checksum: 1
  no_block_cache: 0
  block_cache: 0x7fa27da56000
  block_cache_name: LRUCache
  block_cache_options:
    capacity : 8388608
    num_shard_bits : 4
    strict_capacity_limit : 0
    high_pri_pool_ratio: 0.000
  block_cache_compressed: (nil)
  persistent_cache: (nil)
  block_size: 4096
  block_size_deviation: 10
  block_restart_interval: 16
  index_block_restart_interval: 1
  filter_policy: nullptr
  whole_key_filtering: 1
  format_version: 2
2017/11/24-07:29:27.466995 7fa27f68d200        Options.write_buffer_size: 67108864
2017/11/24-07:29:27.466997 7fa27f68d200  Options.max_write_buffer_number: 2
2017/11/24-07:29:27.466999 7fa27f68d200          Options.compression: Snappy
2017/11/24-07:29:27.467001 7fa27f68d200                  Options.bottommost_compression: Disabled
2017/11/24-07:29:27.467003 7fa27f68d200       Options.prefix_extractor: nullptr
2017/11/24-07:29:27.467004 7fa27f68d200   Options.memtable_insert_with_hint_prefix_extractor: nullptr
2017/11/24-07:29:27.467006 7fa27f68d200             Options.num_levels: 7
2017/11/24-07:29:27.467008 7fa27f68d200        Options.min_write_buffer_number_to_merge: 1
2017/11/24-07:29:27.467009 7fa27f68d200     Options.max_write_buffer_number_to_maintain: 0
2017/11/24-07:29:27.467011 7fa27f68d200            Options.compression_opts.window_bits: -14
2017/11/24-07:29:27.467013 7fa27f68d200                  Options.compression_opts.level: -1
2017/11/24-07:29:27.467014 7fa27f68d200               Options.compression_opts.strategy: 0
2017/11/24-07:29:27.467016 7fa27f68d200         Options.compression_opts.max_dict_bytes: 0
2017/11/24-07:29:27.467018 7fa27f68d200      Options.level0_file_num_compaction_trigger: 4
2017/11/24-07:29:27.467019 7fa27f68d200          Options.level0_slowdown_writes_trigger: 20
2017/11/24-07:29:27.467037 7fa27f68d200              Options.level0_stop_writes_trigger: 36
2017/11/24-07:29:27.467039 7fa27f68d200                   Options.target_file_size_base: 67108864
2017/11/24-07:29:27.467045 7fa27f68d200             Options.target_file_size_multiplier: 1
2017/11/24-07:29:27.467047 7fa27f68d200                Options.max_bytes_for_level_base: 268435456
2017/11/24-07:29:27.467048 7fa27f68d200 Options.level_compaction_dynamic_level_bytes: 0
2017/11/24-07:29:27.467050 7fa27f68d200          Options.max_bytes_for_level_multiplier: 10.000000
2017/11/24-07:29:27.467053 7fa27f68d200 Options.max_bytes_for_level_multiplier_addtl[0]: 1
2017/11/24-07:29:27.467054 7fa27f68d200 Options.max_bytes_for_level_multiplier_addtl[1]: 1
2017/11/24-07:29:27.467056 7fa27f68d200 Options.max_bytes_for_level_multiplier_addtl[2]: 1
2017/11/24-07:29:27.467057 7fa27f68d200 Options.max_bytes_for_level_multiplier_addtl[3]: 1
2017/11/24-07:29:27.467058 7fa27f68d200 Options.max_bytes_for_level_multiplier_addtl[4]: 1
2017/11/24-07:29:27.467060 7fa27f68d200 Options.max_bytes_for_level_multiplier_addtl[5]: 1
2017/11/24-07:29:27.467061 7fa27f68d200 Options.max_bytes_for_level_multiplier_addtl[6]: 1
2017/11/24-07:29:27.467063 7fa27f68d200       Options.max_sequential_skip_in_iterations: 8
2017/11/24-07:29:27.467064 7fa27f68d200                    Options.max_compaction_bytes: 1677721600
2017/11/24-07:29:27.467066 7fa27f68d200                        Options.arena_block_size: 8388608
2017/11/24-07:29:27.467067 7fa27f68d200   Options.soft_pending_compaction_bytes_limit: 68719476736
2017/11/24-07:29:27.467068 7fa27f68d200   Options.hard_pending_compaction_bytes_limit: 274877906944
2017/11/24-07:29:27.467070 7fa27f68d200       Options.rate_limit_delay_max_milliseconds: 100
2017/11/24-07:29:27.467071 7fa27f68d200                Options.disable_auto_compactions: 0
2017/11/24-07:29:27.467073 7fa27f68d200                        Options.compaction_style: kCompactionStyleLevel
2017/11/24-07:29:27.467075 7fa27f68d200                          Options.compaction_pri: kByCompensatedSize
2017/11/24-07:29:27.467076 7fa27f68d200 Options.compaction_options_universal.size_ratio: 1
2017/11/24-07:29:27.467077 7fa27f68d200 Options.compaction_options_universal.min_merge_width: 2
2017/11/24-07:29:27.467079 7fa27f68d200 Options.compaction_options_universal.max_merge_width: 4294967295
2017/11/24-07:29:27.467080 7fa27f68d200 Options.compaction_options_universal.max_size_amplification_percent: 200
2017/11/24-07:29:27.467082 7fa27f68d200 Options.compaction_options_universal.compression_size_percent: -1
2017/11/24-07:29:27.467083 7fa27f68d200 Options.compaction_options_universal.stop_style: kCompactionStopStyleTotalSize
2017/11/24-07:29:27.467085 7fa27f68d200 Options.compaction_options_fifo.max_table_files_size: 1073741824
2017/11/24-07:29:27.467086 7fa27f68d200 Options.compaction_options_fifo.allow_compaction: 0
2017/11/24-07:29:27.467087 7fa27f68d200 Options.compaction_options_fifo.ttl: 0
2017/11/24-07:29:27.467089 7fa27f68d200                   Options.table_properties_collectors: 
2017/11/24-07:29:27.467090 7fa27f68d200                   Options.inplace_update_support: 0
2017/11/24-07:29:27.467092 7fa27f68d200                 Options.inplace_update_num_locks: 10000
2017/11/24-07:29:27.467093 7fa27f68d200               Options.memtable_prefix_bloom_size_ratio: 0.000000
2017/11/24-07:29:27.467095 7fa27f68d200   Options.memtable_huge_page_size: 0
2017/11/24-07:29:27.467096 7fa27f68d200                           Options.bloom_locality: 0
2017/11/24-07:29:27.467098 7fa27f68d200                    Options.max_successive_merges: 0
2017/11/24-07:29:27.467099 7fa27f68d200                Options.optimize_filters_for_hits: 0
2017/11/24-07:29:27.467100 7fa27f68d200                Options.paranoid_file_checks: 0
2017/11/24-07:29:27.467102 7fa27f68d200                Options.force_consistency_checks: 0
2017/11/24-07:29:27.467103 7fa27f68d200                Options.report_bg_io_stats: 0
2017/11/24-07:29:27.467133 7fa27f68d200 [rocksdb/db/column_family.cc:415] --------------- Options for column family [core.configs]:
2017/11/24-07:29:27.467141 7fa27f68d200               Options.comparator: leveldb.BytewiseComparator
2017/11/24-07:29:27.467143 7fa27f68d200           Options.merge_operator: None
2017/11/24-07:29:27.467145 7fa27f68d200        Options.compaction_filter: None
2017/11/24-07:29:27.467146 7fa27f68d200        Options.compaction_filter_factory: None
2017/11/24-07:29:27.467148 7fa27f68d200         Options.memtable_factory: SkipListFactory
2017/11/24-07:29:27.467149 7fa27f68d200            Options.table_factory: BlockBasedTable
2017/11/24-07:29:27.467161 7fa27f68d200            table_factory options:   flush_block_policy_factory: FlushBlockBySizePolicyFactory (0x7fa27da530b8)
  cache_index_and_filter_blocks: 0
  cache_index_and_filter_blocks_with_high_priority: 0
  pin_l0_filter_and_index_blocks_in_cache: 0
  index_type: 0
  hash_index_allow_collision: 1
  checksum: 1
  no_block_cache: 0
  block_cache: 0x7fa27da56070
  block_cache_name: LRUCache
  block_cache_options:
    capacity : 8388608
    num_shard_bits : 4
    strict_capacity_limit : 0
    high_pri_pool_ratio: 0.000
  block_cache_compressed: (nil)
  persistent_cache: (nil)
  block_size: 4096
  block_size_deviation: 10
  block_restart_interval: 16
  index_block_restart_interval: 1
  filter_policy: nullptr
  whole_key_filtering: 1
  format_version: 2
2017/11/24-07:29:27.467163 7fa27f68d200        Options.write_buffer_size: 67108864
2017/11/24-07:29:27.467165 7fa27f68d200  Options.max_write_buffer_number: 2
2017/11/24-07:29:27.467166 7fa27f68d200          Options.compression: Snappy
2017/11/24-07:29:27.467168 7fa27f68d200                  Options.bottommost_compression: Disabled
2017/11/24-07:29:27.467169 7fa27f68d200       Options.prefix_extractor: nullptr
2017/11/24-07:29:27.467170 7fa27f68d200   Options.memtable_insert_with_hint_prefix_extractor: nullptr
2017/11/24-07:29:27.467172 7fa27f68d200             Options.num_levels: 7
2017/11/24-07:29:27.467173 7fa27f68d200        Options.min_write_buffer_number_to_merge: 1
2017/11/24-07:29:27.467174 7fa27f68d200     Options.max_write_buffer_number_to_maintain: 0
2017/11/24-07:29:27.467176 7fa27f68d200            Options.compression_opts.window_bits: -14
2017/11/24-07:29:27.467177 7fa27f68d200                  Options.compression_opts.level: -1
2017/11/24-07:29:27.467179 7fa27f68d200               Options.compression_opts.strategy: 0
2017/11/24-07:29:27.467180 7fa27f68d200         Options.compression_opts.max_dict_bytes: 0
2017/11/24-07:29:27.467181 7fa27f68d200      Options.level0_file_num_compaction_trigger: 4
2017/11/24-07:29:27.467183 7fa27f68d200          Options.level0_slowdown_writes_trigger: 20
2017/11/24-07:29:27.467184 7fa27f68d200              Options.level0_stop_writes_trigger: 36
2017/11/24-07:29:27.467186 7fa27f68d200                   Options.target_file_size_base: 67108864
2017/11/24-07:29:27.467187 7fa27f68d200             Options.target_file_size_multiplier: 1
2017/11/24-07:29:27.467188 7fa27f68d200                Options.max_bytes_for_level_base: 268435456
2017/11/24-07:29:27.467190 7fa27f68d200 Options.level_compaction_dynamic_level_bytes: 0
2017/11/24-07:29:27.467191 7fa27f68d200          Options.max_bytes_for_level_multiplier: 10.000000
2017/11/24-07:29:27.467193 7fa27f68d200 Options.max_bytes_for_level_multiplier_addtl[0]: 1
2017/11/24-07:29:27.467195 7fa27f68d200 Options.max_bytes_for_level_multiplier_addtl[1]: 1
2017/11/24-07:29:27.467196 7fa27f68d200 Options.max_bytes_for_level_multiplier_addtl[2]: 1
2017/11/24-07:29:27.467198 7fa27f68d200 Options.max_bytes_for_level_multiplier_addtl[3]: 1
2017/11/24-07:29:27.467199 7fa27f68d200 Options.max_bytes_for_level_multiplier_addtl[4]: 1
2017/11/24-07:29:27.467200 7fa27f68d200 Options.max_bytes_for_level_multiplier_addtl[5]: 1
2017/11/24-07:29:27.467202 7fa27f68d200 Options.max_bytes_for_level_multiplier_addtl[6]: 1
2017/11/24-07:29:27.467203 7fa27f68d200       Options.max_sequential_skip_in_iterations: 8
2017/11/24-07:29:27.467205 7fa27f68d200                    Options.max_compaction_bytes: 1677721600
2017/11/24-07:29:27.467206 7fa27f68d200                        Options.arena_block_size: 8388608
2017/11/24-07:29:27.467213 7fa27f68d200   Options.soft_pending_compaction_bytes_limit: 68719476736
2017/11/24-07:29:27.467215 7fa27f68d200   Options.hard_pending_compaction_bytes_limit: 274877906944
2017/11/24-07:29:27.467216 7fa27f68d200       Options.rate_limit_delay_max_milliseconds: 100
2017/11/24-07:29:27.467217 7fa27f68d200                Options.disable_auto_compactions: 0
2017/11/24-07:29:27.467219 7fa27f68d200                        Options.compaction_style: kCompactionStyleLevel
2017/11/24-07:29:27.467221 7fa27f68d200                          Options.compaction_pri: kByCompensatedSize
2017/11/24-07:29:27.467222 7fa27f68d200 Options.compaction_options_universal.size_ratio: 1
2017/11/24-07:29:27.467223 7fa27f68d200 Options.compaction_options_universal.min_merge_width: 2
2017/11/24-07:29:27.467225 7fa27f68d200 Options.compaction_options_universal.max_merge_width: 4294967295
2017/11/24-07:29:27.467226 7fa27f68d200 Options.compaction_options_universal.max_size_amplification_percent: 200
2017/11/24-07:29:27.467228 7fa27f68d200 Options.compaction_options_universal.compression_size_percent: -1
2017/11/24-07:29:27.467229 7fa27f68d200 Options.compaction_options_universal.stop_style: kCompactionStopStyleTotalSize
2017/11/24-07:29:27.467230 7fa27f68d200 Options.compaction_options_fifo.max_table_files_size: 1073741824
2017/11/24-07:29:27.467232 7fa27f68d200 Options.compaction_options_fifo.allow_compaction: 0
2017/11/24-07:29:27.467233 7fa27f68d200 Options.compaction_options_fifo.ttl: 0
2017/11/24-07:29:27.467235 7fa27f68d200                   Options.table_properties_collectors: 
2017/11/24-07:29:27.467236 7fa27f68d200                   Options.inplace_update_support: 0
2017/11/24-07:29:27.467237 7fa27f68d200                 Options.inplace_update_num_locks: 10000
2017/11/24-07:29:27.467239 7fa27f68d200               Options.memtable_prefix_bloom_size_ratio: 0.000000
2017/11/24-07:29:27.467240 7fa27f68d200   Options.memtable_huge_page_size: 0
2017/11/24-07:29:27.467242 7fa27f68d200                           Options.bloom_locality: 0
2017/11/24-07:29:27.467243 7fa27f68d200                    Options.max_successive_merges: 0
2017/11/24-07:29:27.467245 7fa27f68d200                Options.optimize_filters_for_hits: 0
2017/11/24-07:29:27.467246 7fa27f68d200                Options.paranoid_file_checks: 0
2017/11/24-07:29:27.467247 7fa27f68d200                Options.force_consistency_checks: 0
2017/11/24-07:29:27.467249 7fa27f68d200                Options.report_bg_io_stats: 0
2017/11/24-07:29:27.467273 7fa27f68d200 [rocksdb/db/column_family.cc:415] --------------- Options for column family [core.state_hash_aggregator]:
2017/11/24-07:29:27.467276 7fa27f68d200               Options.comparator: leveldb.BytewiseComparator
2017/11/24-07:29:27.467277 7fa27f68d200           Options.merge_operator: None
2017/11/24-07:29:27.467278 7fa27f68d200        Options.compaction_filter: None
2017/11/24-07:29:27.467280 7fa27f68d200        Options.compaction_filter_factory: None
2017/11/24-07:29:27.467281 7fa27f68d200         Options.memtable_factory: SkipListFactory
2017/11/24-07:29:27.467283 7fa27f68d200            Options.table_factory: BlockBasedTable
2017/11/24-07:29:27.467295 7fa27f68d200            table_factory options:   flush_block_policy_factory: FlushBlockBySizePolicyFactory (0x7fa27da530b0)
  cache_index_and_filter_blocks: 0
  cache_index_and_filter_blocks_with_high_priority: 0
  pin_l0_filter_and_index_blocks_in_cache: 0
  index_type: 0
  hash_index_allow_collision: 1
  checksum: 1
  no_block_cache: 0
  block_cache: 0x7fa27da560e0
  block_cache_name: LRUCache
  block_cache_options:
    capacity : 8388608
    num_shard_bits : 4
    strict_capacity_limit : 0
    high_pri_pool_ratio: 0.000
  block_cache_compressed: (nil)
  persistent_cache: (nil)
  block_size: 4096
  block_size_deviation: 10
  block_restart_interval: 16
  index_block_restart_interval: 1
  filter_policy: nullptr
  whole_key_filtering: 1
  format_version: 2
2017/11/24-07:29:27.467300 7fa27f68d200        Options.write_buffer_size: 67108864
2017/11/24-07:29:27.467308 7fa27f68d200  Options.max_write_buffer_number: 2
2017/11/24-07:29:27.467310 7fa27f68d200          Options.compression: Snappy
2017/11/24-07:29:27.467311 7fa27f68d200                  Options.bottommost_compression: Disabled
2017/11/24-07:29:27.467313 7fa27f68d200       Options.prefix_extractor: nullptr
2017/11/24-07:29:27.467314 7fa27f68d200   Options.memtable_insert_with_hint_prefix_extractor: nullptr
2017/11/24-07:29:27.467315 7fa27f68d200             Options.num_levels: 7
2017/11/24-07:29:27.467317 7fa27f68d200        Options.min_write_buffer_number_to_merge: 1
2017/11/24-07:29:27.467318 7fa27f68d200     Options.max_write_buffer_number_to_maintain: 0
2017/11/24-07:29:27.467320 7fa27f68d200            Options.compression_opts.window_bits: -14
2017/11/24-07:29:27.467321 7fa27f68d200                  Options.compression_opts.level: -1
2017/11/24-07:29:27.467322 7fa27f68d200               Options.compression_opts.strategy: 0
2017/11/24-07:29:27.467324 7fa27f68d200         Options.compression_opts.max_dict_bytes: 0
2017/11/24-07:29:27.467325 7fa27f68d200      Options.level0_file_num_compaction_trigger: 4
2017/11/24-07:29:27.467327 7fa27f68d200          Options.level0_slowdown_writes_trigger: 20
2017/11/24-07:29:27.467328 7fa27f68d200              Options.level0_stop_writes_trigger: 36
2017/11/24-07:29:27.467329 7fa27f68d200                   Options.target_file_size_base: 67108864
2017/11/24-07:29:27.467331 7fa27f68d200             Options.target_file_size_multiplier: 1
2017/11/24-07:29:27.467332 7fa27f68d200                Options.max_bytes_for_level_base: 268435456
2017/11/24-07:29:27.467334 7fa27f68d200 Options.level_compaction_dynamic_level_bytes: 0
2017/11/24-07:29:27.467335 7fa27f68d200          Options.max_bytes_for_level_multiplier: 10.000000
2017/11/24-07:29:27.467337 7fa27f68d200 Options.max_bytes_for_level_multiplier_addtl[0]: 1
2017/11/24-07:29:27.467338 7fa27f68d200 Options.max_bytes_for_level_multiplier_addtl[1]: 1
2017/11/24-07:29:27.467340 7fa27f68d200 Options.max_bytes_for_level_multiplier_addtl[2]: 1
2017/11/24-07:29:27.467341 7fa27f68d200 Options.max_bytes_for_level_multiplier_addtl[3]: 1
2017/11/24-07:29:27.467343 7fa27f68d200 Options.max_bytes_for_level_multiplier_addtl[4]: 1
2017/11/24-07:29:27.467344 7fa27f68d200 Options.max_bytes_for_level_multiplier_addtl[5]: 1
2017/11/24-07:29:27.467346 7fa27f68d200 Options.max_bytes_for_level_multiplier_addtl[6]: 1
2017/11/24-07:29:27.467347 7fa27f68d200       Options.max_sequential_skip_in_iterations: 8
2017/11/24-07:29:27.467348 7fa27f68d200                    Options.max_compaction_bytes: 1677721600
2017/11/24-07:29:27.467350 7fa27f68d200                        Options.arena_block_size: 8388608
2017/11/24-07:29:27.467351 7fa27f68d200   Options.soft_pending_compaction_bytes_limit: 68719476736
2017/11/24-07:29:27.467353 7fa27f68d200   Options.hard_pending_compaction_bytes_limit: 274877906944
2017/11/24-07:29:27.467354 7fa27f68d200       Options.rate_limit_delay_max_milliseconds: 100
2017/11/24-07:29:27.467355 7fa27f68d200                Options.disable_auto_compactions: 0
2017/11/24-07:29:27.467357 7fa27f68d200                        Options.compaction_style: kCompactionStyleLevel
2017/11/24-07:29:27.467359 7fa27f68d200                          Options.compaction_pri: kByCompensatedSize
2017/11/24-07:29:27.467360 7fa27f68d200 Options.compaction_options_universal.size_ratio: 1
2017/11/24-07:29:27.467361 7fa27f68d200 Options.compaction_options_universal.min_merge_width: 2
2017/11/24-07:29:27.467363 7fa27f68d200 Options.compaction_options_universal.max_merge_width: 4294967295
2017/11/24-07:29:27.467364 7fa27f68d200 Options.compaction_options_universal.max_size_amplification_percent: 200
2017/11/24-07:29:27.467366 7fa27f68d200 Options.compaction_options_universal.compression_size_percent: -1
2017/11/24-07:29:27.467367 7fa27f68d200 Options.compaction_options_universal.stop_style: kCompactionStopStyleTotalSize
2017/11/24-07:29:27.467368 7fa27f68d200 Options.compaction_options_fifo.max_table_files_size: 1073741824
2017/11/24-07:29:27.467375 7fa27f68d200 Options.compaction_options_fifo.allow_compaction: 0
2017/11/24-07:29:27.467376 7fa27f68d200 Options.compaction_options_fifo.ttl: 0
2017/11/24-07:29:27.467378 7fa27f68d200                   Options.table_properties_collectors: 
2017/11/24-07:29:27.467379 7fa27f68d200                   Options.inplace_update_support: 0
2017/11/24-07:29:27.467381 7fa27f68d200                 Options.inplace_update_num_locks: 10000
2017/11/24-07:29:27.467382 7fa27f68d200               Options.memtable_prefix_bloom_size_ratio: 0.000000
2017/11/24-07:29:27.467384 7fa27f68d200   Options.memtable_huge_page_size: 0
2017/11/24-07:29:27.467385 7fa27f68d200                           Options.bloom_locality: 0
2017/11/24-07:29:27.467386 7fa27f68d200                    Options.max_successive_merges: 0
2017/11/24-07:29:27.467388 7fa27f68d200                Options.optimize_filters_for_hits: 0
2017/11/24-07:29:27.467389 7fa27f68d200                Options.paranoid_file_checks: 0
2017/11/24-07:29:27.467391 7fa27f68d200                Options.force_consistency_checks: 0
2017/11/24-07:29:27.467392 7fa27f68d200                Options.report_bg_io_stats: 0
2017/11/24-07:29:27.467481 7fa27f68d200 [rocksdb/db/column_family.cc:415] --------------- Options for column family [core.blocks]:
2017/11/24-07:29:27.467484 7fa27f68d200               Options.comparator: leveldb.BytewiseComparator
2017/11/24-07:29:27.467486 7fa27f68d200           Options.merge_operator: None
2017/11/24-07:29:27.467487 7fa27f68d200        Options.compaction_filter: None
2017/11/24-07:29:27.467489 7fa27f68d200        Options.compaction_filter_factory: None
2017/11/24-07:29:27.467490 7fa27f68d200         Options.memtable_factory: SkipListFactory
2017/11/24-07:29:27.467492 7fa27f68d200            Options.table_factory: BlockBasedTable
2017/11/24-07:29:27.467506 7fa27f68d200            table_factory options:   flush_block_policy_factory: FlushBlockBySizePolicyFactory (0x7fa27da530a8)
  cache_index_and_filter_blocks: 0
  cache_index_and_filter_blocks_with_high_priority: 0
  pin_l0_filter_and_index_blocks_in_cache: 0
  index_type: 0
  hash_index_allow_collision: 1
  checksum: 1
  no_block_cache: 0
  block_cache: 0x7fa27da56150
  block_cache_name: LRUCache
  block_cache_options:
    capacity : 8388608
    num_shard_bits : 4
    strict_capacity_limit : 0
    high_pri_pool_ratio: 0.000
  block_cache_compressed: (nil)
  persistent_cache: (nil)
  block_size: 4096
  block_size_deviation: 10
  block_restart_interval: 16
  index_block_restart_interval: 1
  filter_policy: nullptr
  whole_key_filtering: 1
  format_version: 2
2017/11/24-07:29:27.467511 7fa27f68d200        Options.write_buffer_size: 67108864
2017/11/24-07:29:27.467512 7fa27f68d200  Options.max_write_buffer_number: 2
2017/11/24-07:29:27.467514 7fa27f68d200          Options.compression: Snappy
2017/11/24-07:29:27.467516 7fa27f68d200                  Options.bottommost_compression: Disabled
2017/11/24-07:29:27.467517 7fa27f68d200       Options.prefix_extractor: nullptr
2017/11/24-07:29:27.467519 7fa27f68d200   Options.memtable_insert_with_hint_prefix_extractor: nullptr
2017/11/24-07:29:27.467521 7fa27f68d200             Options.num_levels: 7
2017/11/24-07:29:27.467522 7fa27f68d200        Options.min_write_buffer_number_to_merge: 1
2017/11/24-07:29:27.467524 7fa27f68d200     Options.max_write_buffer_number_to_maintain: 0
2017/11/24-07:29:27.467525 7fa27f68d200            Options.compression_opts.window_bits: -14
2017/11/24-07:29:27.467527 7fa27f68d200                  Options.compression_opts.level: -1
2017/11/24-07:29:27.467529 7fa27f68d200               Options.compression_opts.strategy: 0
2017/11/24-07:29:27.467530 7fa27f68d200         Options.compression_opts.max_dict_bytes: 0
2017/11/24-07:29:27.467532 7fa27f68d200      Options.level0_file_num_compaction_trigger: 4
2017/11/24-07:29:27.467534 7fa27f68d200          Options.level0_slowdown_writes_trigger: 20
2017/11/24-07:29:27.467535 7fa27f68d200              Options.level0_stop_writes_trigger: 36
2017/11/24-07:29:27.467537 7fa27f68d200                   Options.target_file_size_base: 67108864
2017/11/24-07:29:27.467550 7fa27f68d200             Options.target_file_size_multiplier: 1
2017/11/24-07:29:27.467553 7fa27f68d200                Options.max_bytes_for_level_base: 268435456
2017/11/24-07:29:27.467554 7fa27f68d200 Options.level_compaction_dynamic_level_bytes: 0
2017/11/24-07:29:27.467556 7fa27f68d200          Options.max_bytes_for_level_multiplier: 10.000000
2017/11/24-07:29:27.467558 7fa27f68d200 Options.max_bytes_for_level_multiplier_addtl[0]: 1
2017/11/24-07:29:27.467560 7fa27f68d200 Options.max_bytes_for_level_multiplier_addtl[1]: 1
2017/11/24-07:29:27.467562 7fa27f68d200 Options.max_bytes_for_level_multiplier_addtl[2]: 1
2017/11/24-07:29:27.467563 7fa27f68d200 Options.max_bytes_for_level_multiplier_addtl[3]: 1
2017/11/24-07:29:27.467565 7fa27f68d200 Options.max_bytes_for_level_multiplier_addtl[4]: 1
2017/11/24-07:29:27.467567 7fa27f68d200 Options.max_bytes_for_level_multiplier_addtl[5]: 1
2017/11/24-07:29:27.467569 7fa27f68d200 Options.max_bytes_for_level_multiplier_addtl[6]: 1
2017/11/24-07:29:27.467570 7fa27f68d200       Options.max_sequential_skip_in_iterations: 8
2017/11/24-07:29:27.467572 7fa27f68d200                    Options.max_compaction_bytes: 1677721600
2017/11/24-07:29:27.467574 7fa27f68d200                        Options.arena_block_size: 8388608
2017/11/24-07:29:27.467575 7fa27f68d200   Options.soft_pending_compaction_bytes_limit: 68719476736
2017/11/24-07:29:27.467577 7fa27f68d200   Options.hard_pending_compaction_bytes_limit: 274877906944
2017/11/24-07:29:27.467579 7fa27f68d200       Options.rate_limit_delay_max_milliseconds: 100
2017/11/24-07:29:27.467580 7fa27f68d200                Options.disable_auto_compactions: 0
2017/11/24-07:29:27.467582 7fa27f68d200                        Options.compaction_style: kCompactionStyleLevel
2017/11/24-07:29:27.467584 7fa27f68d200                          Options.compaction_pri: kByCompensatedSize
2017/11/24-07:29:27.467585 7fa27f68d200 Options.compaction_options_universal.size_ratio: 1
2017/11/24-07:29:27.467587 7fa27f68d200 Options.compaction_options_universal.min_merge_width: 2
2017/11/24-07:29:27.467589 7fa27f68d200 Options.compaction_options_universal.max_merge_width: 4294967295
2017/11/24-07:29:27.467590 7fa27f68d200 Options.compaction_options_universal.max_size_amplification_percent: 200
2017/11/24-07:29:27.467592 7fa27f68d200 Options.compaction_options_universal.compression_size_percent: -1
2017/11/24-07:29:27.467594 7fa27f68d200 Options.compaction_options_universal.stop_style: kCompactionStopStyleTotalSize
2017/11/24-07:29:27.467595 7fa27f68d200 Options.compaction_options_fifo.max_table_files_size: 1073741824
2017/11/24-07:29:27.467597 7fa27f68d200 Options.compaction_options_fifo.allow_compaction: 0
2017/11/24-07:29:27.467599 7fa27f68d200 Options.compaction_options_fifo.ttl: 0
2017/11/24-07:29:27.467600 7fa27f68d200                   Options.table_properties_collectors: 
2017/11/24-07:29:27.467602 7fa27f68d200                   Options.inplace_update_support: 0
